  114300.000000 
  109585.000000 
  113295.000000 
  108303.000000 
  118035.000000 
  105529.000000 
  109383.000000 
  111980.000000 
  103902.000000 
  105200.000000 
  112131.000000 
  106820.000000 
  102115.000000 
  105718.000000 
  105897.000000 
  103010.000000 
  108951.000000 
  101704.000000 
  104017.000000 
  119777.000000 
  101448.000000 
  107857.000000 
  108103.000000 
  106157.000000 
  117162.000000 
  101414.000000 
  116649.000000 
   98172.000000 
  119515.000000 
   95736.000000 
  108216.000000 
  124807.000000 
   85808.000000 
  107211.000000 
  116709.000000 
  102534.000000 
  102086.000000 
  104369.000000 
   92851.000000 
  104050.000000 
  100972.000000 
  118411.000000 
  108529.000000 
  112300.000000 
  122834.000000 
  116463.000000 
  100656.000000 
  113435.000000 
  103651.000000 
  103774.000000 
  109486.000000 
  111861.000000 
   99681.000000 
  118398.000000 
  118714.000000 
  111813.000000 
  106902.000000 
  109825.000000 
  116402.000000 
  111542.000000 
   98275.000000 
   96649.000000 
  106041.000000 
  102603.000000 
   96583.000000 
   99533.000000 
  101085.000000 
  103106.000000 
  110767.000000 
  110999.000000 
   98427.000000 
  102842.000000 
   99972.000000 
   99001.000000 
  112933.000000 
  107008.000000 
  112203.000000 
  101720.000000 
  125046.000000 
  108844.000000 
   96678.000000 
  108985.000000 
   97980.000000 
   98940.000000 
  112347.000000 
   94617.000000 
   99917.000000 
  109741.000000 
  104457.000000 
   94419.000000 
  103865.000000 
  105624.000000 
   94138.000000 
  107595.000000 
  100089.000000 
  101486.000000 
  100003.000000 
   96344.000000 
  100511.000000 
  104850.000000 
   99072.000000 
  103035.000000 
  113844.000000 
  111496.000000 
  103092.000000 
  102380.000000 
  102617.000000 
   93093.000000 
  113256.000000 
   95860.000000 
   92452.000000 
  105774.000000 
   99241.000000 
   93355.000000 
  103320.000000 
   92867.000000 
  105235.000000 
  109772.000000 
  115082.000000 
  114296.000000 
   99277.000000 
  113885.000000 
  105394.000000 
   96807.000000 
  103787.000000 
   92300.000000 
  103405.000000 
   91600.000000 
  119513.000000 
  104972.000000 
   97534.000000 
   95267.000000 
   97077.000000 
  106204.000000 
  105421.000000 
   96891.000000 
   90275.000000 
  108934.000000 
   93721.000000 
  110364.000000 
   99999.000000 
  102935.000000 
  107948.000000 
  112750.000000 
  113850.000000 
  102877.000000 
  114318.000000 
  100332.000000 
   99296.000000 
  114496.000000 
   97749.000000 
  108121.000000 
   89517.000000 
  106269.000000 
   86667.000000 
   98694.000000 
  107286.000000 
  100178.000000 
  111824.000000 
   98531.000000 
   89555.000000 
  110068.000000 
